1 0.385937 0.835185 0.041667 0.051852
1 0.393750 0.886111 0.032292 0.057407
1 0.427865 0.848611 0.031771 0.054630
1 0.427865 0.894907 0.027604 0.045370
1 0.400000 0.942130 0.031250 0.036111
1 0.472917 0.944907 0.067708 0.099074
1 0.492448 0.841204 0.056771 0.075000
1 0.588542 0.842130 0.040625 0.060185
1 0.610677 0.678241 0.063021 0.062037
1 0.659375 0.833333 0.071875 0.118519
1 0.517969 0.500463 0.151562 0.137963
1 0.862760 0.860648 0.043229 0.058333
1 0.821094 0.640278 0.140104 0.097222
1 0.914583 0.759259 0.112500 0.116667
1 0.465104 0.689352 0.195833 0.156481
1 0.676562 0.472222 0.150000 0.142593
0 0.305990 0.940741 0.111979 0.118519
0 0.163021 0.322222 0.060417 0.074074
0 0.606510 0.248148 0.074479 0.083333
